6945
8376
6016
6961
6971
7323
7306
7346
6911
8233
8249
8247
7525
7517
6932
8369
8365
8422
6064
8236
6904
8283
8241
8242
6973
8222
7000
7014
6917
8284
8214
6931
6951
8258
6009
6008
6923
6922
6944
8420
6968
6967
7418
7424
7514
6926
6956
8239
7163
8354
6981
6943
8306
6918
6046
6043
6929
6963
6976
7064
7062
7296
8312
8311
8256
6908
6970
6909
8334
8351
6898
8297
6969
7523
7477
7461
7515
6984
6960
8230
8231
8240
6919
8387
8237
6040
6042
6901
6982
7033
6974
6897
6913
7231
7255
7094
7282
6975
7521
6933
6915
8259
8264
5837
7147
9058
9057
8243
6907
7520
8335
7081
8337
8343
8326
8424
8426
6959
6940
6074
6243
6966
7460
6979
6920
7516
6927
6958
6924
8235
8285
8290
6903
6900
